1 1 -0.526119402985075
1 2 -0.4605504587155966
1 3 -0.6341948310139163
1 4 -0.5352380952380953
1 5 -0.5155038759689924
1 6 -0.5679212155213587
1 7 -0.5167785234899328
1 8 -0.4598473401497969
1 9 -0.5320754716981134
1 10 -0.4146029907718441
1 11 -0.2934281925100547
1 12 -0.3574386556245667
1 13 -0.53125
1 14 -0.4579023947242764
1 15 -0.5470577396243187
1 16 -0.4999999999999999
1 17 -0.27586206896551724
1 18 -0.10576923076923073
1 19 0.2985074626865673
1 20 0.6551724137931035
2 1 -0.5680345572354212
2 2 -0.5470085470085468
2 3 -0.5207920792079211
2 4 -0.5518672199170119
2 5 -0.4537444933920707
2 6 -0.5285359801488833
2 7 -0.5408560311284045
2 8 -0.4586776859504134
2 9 -0.39843749999999994
2 10 -0.4134628205686834
2 11 -0.2946512458155042
2 12 -0.3768115942028986
2 13 -0.5670451569901686
2 14 -0.47457627118644063
2 15 -0.41304347826086957
2 16 -0.5068493150684934
2 17 -0.4736842105263157
2 18 -0.05555555555555557
2 19 0.4166666666666665
2 20 0.7906976744186047
3 1 -0.4952919020715631
3 2 -0.5009310986964619
3 3 -0.4826254826254824
3 4 -0.4559386973180079
3 5 -0.5210084033613446
3 6 -0.5185185185185187
3 7 -0.5948438589344672
3 8 -0.4934823091247667
3 9 -0.43256721618292804
3 10 -0.474941590803169
3 11 -0.3996022727272728
3 12 -0.3714964955443827
3 13 -0.4333333333333334
3 14 -0.4705882352941176
3 15 -0.5077464988907704
3 16 -0.520049628356084
3 17 -0.3859649122807018
3 18 0.03529411764705889
3 19 0.32499999999999996
3 20 0.5434782608695652
4 1 -0.5458937198067628
4 2 -0.5016611295681065
4 3 -0.4512635379061373
4 4 -0.4980842911877396
4 5 -0.4671280276816606
4 6 -0.5077989601386484
4 7 -0.5327663266677567
4 8 -0.47496625750045796
4 9 -0.3569440174685351
4 10 -0.36876387820373413
4 11 -0.36206374220733134
4 12 -0.28082191780821913
4 13 -0.41894806353391484
4 14 -0.4141414141414141
4 15 -0.5104895104895101
4 16 -0.41951737275665135
4 17 -0.2894736842105264
4 18 0.06206896551724137
4 19 0.25531914893617025
4 20 0.5384615384615384
5 1 -0.5159663865546226
5 2 -0.5299760191846521
5 3 -0.482394366197183
5 4 -0.5575702601795782
5 5 -0.5096786044511145
5 6 -0.49053356282271926
5 7 -0.5282051282051283
5 8 -0.4053217291508055
5 9 -0.40652034391807185
5 10 -0.3397239763868636
5 11 -0.22248275421923835
5 12 -0.14804331856194478
5 13 -0.24357642216550493
5 14 -0.3070139521040233
5 15 -0.37423312883435594
5 16 -0.49999999999999994
5 17 -0.388888888888889
5 18 0.15131578947368415
5 19 0.41747572815533956
5 20 0.6043956043956042
6 1 -0.4883720930232557
6 2 -0.46311475409836067
6 3 -0.43023255813953476
6 4 -0.3738738738738738
6 5 -0.48171155511045277
6 6 -0.4055944055944056
6 7 -0.43486498842978494
6 8 -0.47186932546180027
6 9 -0.4740484429065746
6 10 -0.29820838404842914
6 11 -0.27403240926744327
6 12 -0.4732942580107653
6 13 -0.2512878241495264
6 14 -0.29889805694820265
6 15 -0.39050964581379
6 16 -0.3123633290848201
6 17 -0.37837837837837834
6 18 -0.03125000000000004
6 19 0.4615384615384616
6 20 0.6774193548387099
7 1 -0.4553014553014557
7 2 -0.5409836065573768
7 3 -0.5654101995565415
7 4 -0.5265486725663715
7 5 -0.6023421764548756
7 6 -0.4763779527559051
7 7 -0.5287569573283859
7 8 -0.508960573476703
7 9 -0.47008547008547
7 10 -0.3850211320245019
7 11 -0.30851063829787234
7 12 -0.4907313605260818
7 13 -0.33335425115664913
7 14 -0.46268370466960457
7 15 -0.5135135135135137
7 16 -0.5384615384615385
7 17 -0.22388059701492538
7 18 0.2083333333333333
7 19 0.26315789473684215
7 20 0.6666666666666664
8 1 -0.6124031007751937
8 2 -0.5426195426195422
8 3 -0.6747744966066793
8 4 -0.5690376569037654
8 5 -0.5641547861507131
8 6 -0.5756385068762275
8 7 -0.5964223243836094
8 8 -0.5317604355716883
8 9 -0.5559380378657485
8 10 -0.575757575757575
8 11 -0.32121248953353326
8 12 -0.32598311866442964
8 13 -0.4020689184645116
8 14 -0.4666666666666666
8 15 -0.5111111111111113
8 16 -0.5217391304347826
8 17 -0.4705882352941177
8 18 6.938893903907228e-18
8 19 0.5185185185185186
8 20 0.6470588235294119
9 1 -0.5807050092764388
9 2 -0.46861924686192497
9 3 -0.5743119266055053
9 4 -0.5913831811924646
9 5 -0.5595735374241279
9 6 -0.5357766143106452
9 7 -0.5665263507206725
9 8 -0.5243664717348928
9 9 -0.5212598425196854
9 10 -0.3676063607266793
9 11 -0.38401333207362903
9 12 -0.3562554949918691
9 13 -0.3597679279859935
9 14 -0.6258992805755396
9 15 -0.48022299180219485
9 16 -0.3506493506493507
9 17 -0.5952380952380955
9 18 0.0759493670886076
9 19 0.37878787878787884
9 20 0.7037037037037037
10 1 -0.5736263736263737
10 2 -0.6628572616154583
10 3 -0.5877551020408158
10 4 -0.6132404181184675
10 5 -0.5460039122587544
10 6 -0.6093189964157708
10 7 -0.6144144144144145
10 8 -0.47283448710030257
10 9 -0.49556509896864076
10 10 -0.40033955918919434
10 11 -0.17554780640266796
10 12 -0.429644017852571
10 13 -0.35444508126810115
10 14 -0.3899320448939564
10 15 -0.45304845691750506
10 16 -0.5170225001984838
10 17 -0.44147354389837556
10 18 -0.0471698113207547
10 19 0.40229885057471265
10 20 0.7727272727272728
